[[-1.58381833 -0.86644744  1.75704743 ...  0.30650801 -0.49406085
  -0.00638067]
 [-0.61460245 -0.62684111  0.51555189 ...  0.95831359  1.47546885
   1.14453393]
 [-0.29997333 -0.7533649  -0.43198563 ...  0.65449867 -0.96984513
   0.93630656]
 ...
 [-1.29496433 -0.07433701 -0.06587585 ... -0.61557754 -0.30007998
  -1.67352256]
 [-0.6677438  -0.57373793 -0.04603833 ...  0.13997262 -0.53527134
  -0.97245769]
 [ 0.1737791   0.6949213   0.67278021 ... -0.10669885  1.77424465
  -0.72871986]]

VH
[[ 0.15655557  0.03260747 -0.04991474 ...  0.0179447  -0.26489277
  -0.04772724]
 [-0.06069806 -0.07504887 -0.1897463  ... -0.29922254 -0.04882959
   0.04106559]
 [ 0.1236377   0.18648925  0.05519224 ... -0.3204319   0.07724747
  -0.10544146]
 ...
 [ 0.10817289 -0.26358531 -0.13030946 ... -0.25612725 -0.26636509
   0.02484539]
 [ 0.1104533  -0.07099469 -0.12134157 ...  0.02782663 -0.04546991
  -0.01354997]
 [ 0.15332801  0.04017368  0.28921692 ... -0.10828982  0.16074036
  -0.15119273]]

V
[[-0.18457042 -0.03214535 -0.02610794 ...  0.08282903 -0.20868149
  -0.07189543]
 [ 0.03072148 -0.24755202  0.15704727 ...  0.0833729  -0.12858644
  -0.10943167]
 [-0.00793936  0.12539284 -0.29308972 ...  0.18142466 -0.11277214
  -0.05054033]
 ...
 [ 0.11422965  0.21011232  0.28405278 ...  0.21507966  0.05275575
  -0.21569243]
 [-0.07592812  0.01309325  0.11278751 ...  0.10563621 -0.12155293
   0.05918866]
 [-0.02539153 -0.30491415  0.0106688  ... -0.17592081 -0.0868336
  -0.24987308]]

Eigen Values
[11.12557136 10.07870147  9.77786838  9.16793919  8.50520274  8.1412119
  7.56374596  7.31094693  7.04300877  6.8592547   6.35294998  6.14483997
  5.81905879  5.52529991  5.00764185  4.74757752  4.20058014  4.04516823
  3.83769925  3.60288744  3.04430445  2.70597266  2.45479423  2.14796236
  2.00328128  1.58031241  1.31616635  1.00332572  0.81544279  0.6981158
  0.25162547  0.13326601]
(32, 32) (32,) (32, 32)
(32,)
[-0.03160962 -0.00704425  0.05468629 -0.01295814  0.01094358 -0.0258148
  0.00481579 -0.02401502 -0.02168863  0.03884724  0.04760437 -0.01391021
 -0.00661185 -0.05371111  0.02657239  0.01355213  0.02074666  0.00572997
  0.01485846 -0.02501657 -0.02422265 -0.05591307  0.03757339  0.00145208
  0.01396556  0.05746951  0.0318592  -0.02124486  0.01657924 -0.01587793
  0.02997184  0.06997944]
(32,)
